-3.920813334295083052e+01,3.417640997838554284e+01,3.824799186056937117e+01,1.000000000000000000e+00,3.737888979369726172e+01,3.549169841612030751e+01,1.000000000000000000e+00,1.000000000000000000e+00,1.000000000000000000e+00
3.417640997838554284e+01,-3.914782437598147879e+01,3.750703114593100906e+01,1.000000000000000000e+00,3.665521780944130370e+01,3.480556764152266425e+01,1.000000000000000000e+00,1.000000000000000000e+00,1.000000000000000000e+00
3.824799186056937117e+01,3.750703114593100906e+01,-3.910374064970014274e+01,1.000000000000000000e+00,4.103101190328146686e+01,3.895436303004834855e+01,1.000000000000000000e+00,1.000000000000000000e+00,1.000000000000000000e+00
1.000000000000000000e+00,1.000000000000000000e+00,1.000000000000000000e+00,-3.539618344219906731e+01,1.000000000000000000e+00,1.000000000000000000e+00,1.000000000000000000e+00,1.000000000000000000e+00,1.000000000000000000e+00
3.737888979369726172e+01,3.665521780944130370e+01,4.103101190328146686e+01,1.000000000000000000e+00,-3.919537510818133086e+01,3.806877930570404800e+01,1.000000000000000000e+00,1.000000000000000000e+00,1.000000000000000000e+00
3.549169841612030751e+01,3.480556764152266425e+01,3.895436303004834855e+01,1.000000000000000000e+00,3.806877930570404800e+01,-3.924068382650813192e+01,1.000000000000000000e+00,1.000000000000000000e+00,1.000000000000000000e+00
1.000000000000000000e+00,1.000000000000000000e+00,1.000000000000000000e+00,1.000000000000000000e+00,1.000000000000000000e+00,1.000000000000000000e+00,-4.429828294615112583e+01,4.289464151553605831e+01,4.154445718769954965e+01
1.000000000000000000e+00,1.000000000000000000e+00,1.000000000000000000e+00,1.000000000000000000e+00,1.000000000000000000e+00,1.000000000000000000e+00,4.289464151553605831e+01,-4.428502250313069055e+01,4.244599108346658056e+01
1.000000000000000000e+00,1.000000000000000000e+00,1.000000000000000000e+00,1.000000000000000000e+00,1.000000000000000000e+00,1.000000000000000000e+00,4.154445718769954965e+01,4.244599108346658056e+01,-4.429021021321916862e+01
